g[1] = 2.389e+06
g[2] = 2.37481e+06
g[3] = 2.38742e+06
g[4] = 2.38531e+06
g[5] = 2.38499e+06
g[6] = 2.39114e+06
g[7] = 2.38877e+06
g[8] = 2.38661e+06
g[9] = 2.38768e+06
g[10] = 2.38664e+06